50x10
-572662307 74 -572662307 27 -572662307 66 -572662307 89 -572662307 58 -572662307 11 -572662307 77 -572662307 17 4226592 70 4226592 97
-572662307 10 -572662307 11 4226592 38 -572662307 60 -572662307 50 -572662307 35 -572662307 94 -572662307 52 4226592 2 -572662307 20
-572662307 17 -572662307 65 -572662307 93 -572662307 62 -572662307 91 -572662307 2 -572662307 51 4226592 4 -572662307 19 4226592 10
4226592 87 -572662307 3 -572662307 81 -572662307 17 -572662307 44 4226592 82 -572662307 16 -572662307 13 -572662307 100 -572662307 85
-572662307 18 -572662307 33 -572662307 35 -572662307 78 4226592 68 -572662307 68 -572662307 3 -572662307 2 4226592 53 -572662307 25
4226592 36 -572662307 41 -572662307 60 -572662307 43 -572662307 66 -572662307 34 -572662307 24 -572662307 11 -572662307 5 4226592 55
-572662307 52 4226592 99 -572662307 62 -572662307 50 -572662307 24 -572662307 73 -572662307 19 -572662307 23 4226592 15 -572662307 2
4226592 85 -572662307 21 -572662307 27 -572662307 53 -572662307 86 -572662307 36 -572662307 35 -572662307 99 -572662307 30 4226592 43
-572662307 43 -572662307 31 -572662307 99 4226592 12 -572662307 6 -572662307 79 -572662307 81 -572662307 18 -572662307 73 4226592 55
4226592 90 -572662307 100 -572662307 15 -572662307 40 -572662307 96 -572662307 25 -572662307 43 -572662307 23 4226592 31 -572662307 7
-572662307 61 4226592 88 -572662307 10 -572662307 48 -572662307 100 4226592 62 -572662307 83 -572662307 20 -572662307 42 -572662307 19
-572662307 35 -572662307 41 -572662307 16 -572662307 58 -572662307 86 4226592 69 -572662307 58 -572662307 93 4226592 47 -572662307 77
4226592 61 -572662307 40 4226592 99 -572662307 51 -572662307 46 -572662307 39 -572662307 43 -572662307 37 -572662307 88 -572662307 9
4226592 15 -572662307 38 4226592 84 -572662307 98 -572662307 17 -572662307 91 -572662307 91 -572662307 23 -572662307 48 -572662307 98
-572662307 26 4226592 42 -572662307 55 4226592 24 -572662307 43 -572662307 83 -572662307 27 -572662307 38 -572662307 37 -572662307 58
-572662307 21 -572662307 78 -572662307 97 -572662307 77 -572662307 82 4226592 26 -572662307 22 -572662307 90 -572662307 57 4226592 31
4226592 3 -572662307 44 -572662307 90 -572662307 64 -572662307 52 -572662307 35 -572662307 18 4226592 45 -572662307 4 -572662307 14
-572662307 60 -572662307 59 -572662307 67 4226592 85 -572662307 43 -572662307 93 -572662307 44 4226592 22 -572662307 68 -572662307 38
4226592 77 -572662307 41 4226592 74 -572662307 99 -572662307 100 -572662307 45 -572662307 14 -572662307 26 -572662307 98 -572662307 77
-572662307 38 -572662307 57 -572662307 42 -572662307 64 -572662307 80 -572662307 81 4226592 70 -572662307 13 4226592 41 -572662307 65
-572662307 36 4226592 22 -572662307 39 -572662307 76 -572662307 78 4226592 27 -572662307 55 -572662307 10 -572662307 5 -572662307 71
-572662307 70 -572662307 81 -572662307 60 -572662307 85 -572662307 63 -572662307 97 4226592 61 -572662307 44 -572662307 5 4226592 35
-572662307 38 -572662307 94 4226592 46 -572662307 20 -572662307 87 -572662307 41 4226592 41 -572662307 40 -572662307 99 -572662307 48
-572662307 30 -572662307 9 -572662307 13 4226592 79 -572662307 81 -572662307 25 -572662307 93 4226592 85 -572662307 78 -572662307 76
4226592 6 -572662307 58 -572662307 51 -572662307 48 4226592 68 -572662307 34 -572662307 78 -572662307 59 -572662307 98 -572662307 36
4226592 90 -572662307 56 -572662307 97 -572662307 37 -572662307 38 -572662307 47 4226592 56 -572662307 8 -572662307 37 -572662307 7
-572662307 66 -572662307 15 -572662307 39 -572662307 89 -572662307 3 -572662307 54 -572662307 24 4226592 14 -572662307 99 4226592 73
-572662307 12 -572662307 37 4226592 79 -572662307 95 -572662307 50 -572662307 74 -572662307 1 -572662307 55 -572662307 98 4226592 49
-572662307 99 -572662307 79 -572662307 99 4226592 87 -572662307 80 4226592 13 -572662307 99 -572662307 13 -572662307 54 -572662307 61
-572662307 51 -572662307 21 -572662307 32 -572662307 20 -572662307 80 -572662307 58 4226592 91 -572662307 84 -572662307 62 4226592 91
-572662307 11 -572662307 38 4226592 14 -572662307 12 -572662307 39 -572662307 34 -572662307 37 -572662307 94 4226592 10 -572662307 2
-572662307 76 -572662307 86 -572662307 40 4226592 30 4226592 97 -572662307 59 -572662307 100 -572662307 9 -572662307 55 -572662307 86
-572662307 33 -572662307 49 -572662307 94 4226592 17 -572662307 17 -572662307 70 -572662307 17 -572662307 42 4226592 26 -572662307 24
4226592 75 -572662307 20 -572662307 93 4226592 58 -572662307 51 -572662307 94 -572662307 24 -572662307 70 -572662307 51 -572662307 82
-572662307 59 -572662307 9 -572662307 59 -572662307 62 -572662307 79 -572662307 53 -572662307 48 4226592 98 4226592 76 -572662307 71
-572662307 90 4226592 35 -572662307 89 -572662307 59 -572662307 28 -572662307 51 4226592 69 -572662307 36 -572662307 32 -572662307 27
-572662307 10 -572662307 85 4226592 97 -572662307 3 -572662307 79 -572662307 86 -572662307 10 -572662307 80 4226592 37 -572662307 39
-572662307 60 -572662307 27 -572662307 69 -572662307 58 -572662307 67 4226592 36 -572662307 31 -572662307 69 -572662307 16 4226592 22
4226592 27 -572662307 16 -572662307 15 4226592 40 -572662307 16 -572662307 92 -572662307 60 -572662307 43 -572662307 2 -572662307 7
-572662307 79 -572662307 99 -572662307 27 -572662307 56 -572662307 29 -572662307 17 -572662307 67 4226592 34 -572662307 86 4226592 61
-572662307 57 -572662307 100 4226592 73 -572662307 17 -572662307 3 -572662307 64 4226592 99 -572662307 71 -572662307 27 -572662307 90
4226592 80 -572662307 23 4226592 54 -572662307 39 -572662307 77 -572662307 65 -572662307 59 -572662307 7 -572662307 63 -572662307 32
4226592 98 -572662307 17 -572662307 44 -572662307 1 -572662307 10 -572662307 56 4226592 95 -572662307 80 -572662307 99 -572662307 64
-572662307 60 -572662307 74 -572662307 60 -572662307 30 -572662307 81 -572662307 25 4226592 89 -572662307 19 4226592 59 -572662307 21
-572662307 67 -572662307 42 -572662307 93 4226592 47 -572662307 34 -572662307 11 -572662307 100 -572662307 15 4226592 99 -572662307 2
-572662307 35 -572662307 61 -572662307 93 -572662307 83 -572662307 87 4226592 66 -572662307 96 4226592 55 -572662307 41 -572662307 61
-572662307 22 -572662307 25 -572662307 29 -572662307 70 -572662307 93 -572662307 19 -572662307 49 -572662307 62 4226592 19 4226592 73
-572662307 11 4226592 93 -572662307 97 -572662307 28 4226592 14 -572662307 75 -572662307 41 -572662307 40 -572662307 62 -572662307 66
-572662307 76 -572662307 61 -572662307 64 -572662307 90 -572662307 20 4226592 43 -572662307 50 -572662307 13 -572662307 4 4226592 47
-572662307 38 4226592 11 -572662307 30 -572662307 37 -572662307 57 -572662307 64 -572662307 68 -572662307 42 4226592 19 -572662307 79