50x10
-572662307 74 -572662307 27 -572662307 66 -572662307 89 -572662307 58 -572662307 11 -572662307 77 -572662307 17 11370016 70 11370016 97
-572662307 10 -572662307 11 11370016 38 -572662307 60 -572662307 50 -572662307 35 -572662307 94 -572662307 52 11370016 2 -572662307 20
-572662307 17 -572662307 65 -572662307 93 -572662307 62 -572662307 91 -572662307 2 -572662307 51 11370016 4 -572662307 19 11370016 10
11370016 87 -572662307 3 -572662307 81 -572662307 17 -572662307 44 11370016 82 -572662307 16 -572662307 13 -572662307 100 -572662307 85
-572662307 18 -572662307 33 -572662307 35 -572662307 78 11370016 68 -572662307 68 -572662307 3 -572662307 2 11370016 53 -572662307 25
11370016 36 -572662307 41 -572662307 60 -572662307 43 -572662307 66 -572662307 34 -572662307 24 -572662307 11 -572662307 5 11370016 55
-572662307 52 11370016 99 -572662307 62 -572662307 50 -572662307 24 -572662307 73 -572662307 19 -572662307 23 11370016 15 -572662307 2
11370016 85 -572662307 21 -572662307 27 -572662307 53 -572662307 86 -572662307 36 -572662307 35 -572662307 99 -572662307 30 11370016 43
-572662307 43 -572662307 31 -572662307 99 11370016 12 -572662307 6 -572662307 79 -572662307 81 -572662307 18 -572662307 73 11370016 55
11370016 90 -572662307 100 -572662307 15 -572662307 40 -572662307 96 -572662307 25 -572662307 43 -572662307 23 11370016 31 -572662307 7
-572662307 61 11370016 88 -572662307 10 -572662307 48 -572662307 100 11370016 62 -572662307 83 -572662307 20 -572662307 42 -572662307 19
-572662307 35 -572662307 41 -572662307 16 -572662307 58 -572662307 86 11370016 69 -572662307 58 -572662307 93 11370016 47 -572662307 77
11370016 61 -572662307 40 11370016 99 -572662307 51 -572662307 46 -572662307 39 -572662307 43 -572662307 37 -572662307 88 -572662307 9
11370016 15 -572662307 38 11370016 84 -572662307 98 -572662307 17 -572662307 91 -572662307 91 -572662307 23 -572662307 48 -572662307 98
-572662307 26 11370016 42 -572662307 55 11370016 24 -572662307 43 -572662307 83 -572662307 27 -572662307 38 -572662307 37 -572662307 58
-572662307 21 -572662307 78 -572662307 97 -572662307 77 -572662307 82 11370016 26 -572662307 22 -572662307 90 -572662307 57 11370016 31
11370016 3 -572662307 44 -572662307 90 -572662307 64 -572662307 52 -572662307 35 -572662307 18 11370016 45 -572662307 4 -572662307 14
-572662307 60 -572662307 59 -572662307 67 11370016 85 -572662307 43 -572662307 93 -572662307 44 11370016 22 -572662307 68 -572662307 38
11370016 77 -572662307 41 11370016 74 -572662307 99 -572662307 100 -572662307 45 -572662307 14 -572662307 26 -572662307 98 -572662307 77
-572662307 38 -572662307 57 -572662307 42 -572662307 64 -572662307 80 -572662307 81 11370016 70 -572662307 13 11370016 41 -572662307 65
-572662307 36 11370016 22 -572662307 39 -572662307 76 -572662307 78 11370016 27 -572662307 55 -572662307 10 -572662307 5 -572662307 71
-572662307 70 -572662307 81 -572662307 60 -572662307 85 -572662307 63 -572662307 97 11370016 61 -572662307 44 -572662307 5 11370016 35
-572662307 38 -572662307 94 11370016 46 -572662307 20 -572662307 87 -572662307 41 11370016 41 -572662307 40 -572662307 99 -572662307 48
-572662307 30 -572662307 9 -572662307 13 11370016 79 -572662307 81 -572662307 25 -572662307 93 11370016 85 -572662307 78 -572662307 76
11370016 6 -572662307 58 -572662307 51 -572662307 48 11370016 68 -572662307 34 -572662307 78 -572662307 59 -572662307 98 -572662307 36
11370016 90 -572662307 56 -572662307 97 -572662307 37 -572662307 38 -572662307 47 11370016 56 -572662307 8 -572662307 37 -572662307 7
-572662307 66 -572662307 15 -572662307 39 -572662307 89 -572662307 3 -572662307 54 -572662307 24 11370016 14 -572662307 99 11370016 73
-572662307 12 -572662307 37 11370016 79 -572662307 95 -572662307 50 -572662307 74 -572662307 1 -572662307 55 -572662307 98 11370016 49
-572662307 99 -572662307 79 -572662307 99 11370016 87 -572662307 80 11370016 13 -572662307 99 -572662307 13 -572662307 54 -572662307 61
-572662307 51 -572662307 21 -572662307 32 -572662307 20 -572662307 80 -572662307 58 11370016 91 -572662307 84 -572662307 62 11370016 91
-572662307 11 -572662307 38 11370016 14 -572662307 12 -572662307 39 -572662307 34 -572662307 37 -572662307 94 11370016 10 -572662307 2
-572662307 76 -572662307 86 -572662307 40 11370016 30 11370016 97 -572662307 59 -572662307 100 -572662307 9 -572662307 55 -572662307 86
-572662307 33 -572662307 49 -572662307 94 11370016 17 -572662307 17 -572662307 70 -572662307 17 -572662307 42 11370016 26 -572662307 24
11370016 75 -572662307 20 -572662307 93 11370016 58 -572662307 51 -572662307 94 -572662307 24 -572662307 70 -572662307 51 -572662307 82
-572662307 59 -572662307 9 -572662307 59 -572662307 62 -572662307 79 -572662307 53 -572662307 48 11370016 98 11370016 76 -572662307 71
-572662307 90 11370016 35 -572662307 89 -572662307 59 -572662307 28 -572662307 51 11370016 69 -572662307 36 -572662307 32 -572662307 27
-572662307 10 -572662307 85 11370016 97 -572662307 3 -572662307 79 -572662307 86 -572662307 10 -572662307 80 11370016 37 -572662307 39
-572662307 60 -572662307 27 -572662307 69 -572662307 58 -572662307 67 11370016 36 -572662307 31 -572662307 69 -572662307 16 11370016 22
11370016 27 -572662307 16 -572662307 15 11370016 40 -572662307 16 -572662307 92 -572662307 60 -572662307 43 -572662307 2 -572662307 7
-572662307 79 -572662307 99 -572662307 27 -572662307 56 -572662307 29 -572662307 17 -572662307 67 11370016 34 -572662307 86 11370016 61
-572662307 57 -572662307 100 11370016 73 -572662307 17 -572662307 3 -572662307 64 11370016 99 -572662307 71 -572662307 27 -572662307 90
11370016 80 -572662307 23 11370016 54 -572662307 39 -572662307 77 -572662307 65 -572662307 59 -572662307 7 -572662307 63 -572662307 32
11370016 98 -572662307 17 -572662307 44 -572662307 1 -572662307 10 -572662307 56 11370016 95 -572662307 80 -572662307 99 -572662307 64
-572662307 60 -572662307 74 -572662307 60 -572662307 30 -572662307 81 -572662307 25 11370016 89 -572662307 19 11370016 59 -572662307 21
-572662307 67 -572662307 42 -572662307 93 11370016 47 -572662307 34 -572662307 11 -572662307 100 -572662307 15 11370016 99 -572662307 2
-572662307 35 -572662307 61 -572662307 93 -572662307 83 -572662307 87 11370016 66 -572662307 96 11370016 55 -572662307 41 -572662307 61
-572662307 22 -572662307 25 -572662307 29 -572662307 70 -572662307 93 -572662307 19 -572662307 49 -572662307 62 11370016 19 11370016 73
-572662307 11 11370016 93 -572662307 97 -572662307 28 11370016 14 -572662307 75 -572662307 41 -572662307 40 -572662307 62 -572662307 66
-572662307 76 -572662307 61 -572662307 64 -572662307 90 -572662307 20 11370016 43 -572662307 50 -572662307 13 -572662307 4 11370016 47
-572662307 38 11370016 11 -572662307 30 -572662307 37 -572662307 57 -572662307 64 -572662307 68 -572662307 42 11370016 19 -572662307 79